
trial choice1   rts1   stim1ons_sl   stim1ons_ms   choice1ons_sl   choice1ons_ms   state   choice2   rts2   stim2ons_sl   stim2ons_ms   choice2ons_sl   choice2ons_ms   won

trial choice1   rts1   stim1ons_sl   stim1ons_ms   choice1ons_sl   choice1ons_ms   state   choice2   rts2   stim2ons_sl   stim2ons_ms   choice2ons_sl   choice2ons_ms   won

1 0 0.000000 57.000000 5130.099311 0.000000 0.000000
2 1 0.302346 101.000000 9090.099367 104.000000 9397.467456	3 1 0.494379 116.000000 10509.987039 122.000000 11020.289468	1
3 2 0.342101 157.000000 14130.080182 160.000000 14480.152824	3 1 0.335133 171.000000 15432.304988 175.000000 15774.281065	0
4 2 0.218139 213.000000 19170.080592 215.000000 19399.478300	3 1 0.298183 226.000000 20347.597111 229.000000 20652.253592	1
5 2 0.259110 264.000000 23760.082916 267.000000 24034.284667	3 1 0.283806 279.000000 25197.807386 283.000000 25488.605370	1
6 1 0.221248 318.000000 28620.079613 320.000000 28847.040046	3 2 0.447900 331.000000 29791.771680 336.000000 30246.424103	0
7 2 0.339963 370.000000 33300.084726 373.000000 33656.018677	3 1 0.383725 384.000000 34610.283860 388.000000 35000.938705	0
8 1 0.358455 421.000000 37890.122508 425.000000 38252.152910	2 1 0.406640 437.000000 39412.595912 442.000000 39826.330213	0
9 2 0.318487 475.000000 42750.084213 478.000000 43078.861498	3 2 0.285956 489.000000 44022.699216 492.000000 44315.389073	1